000454
000048
000506
000354
000105
000311
000249
000221
000431
000412
000359
000205
000537
000087
000013
000304
000409
000196
000514
000378
000074
000292
000519
000023
000211
000405
000091
000373
000512
000144
000126
000204
000434
000010
000184
000566
000323
000578
000111
000560
000342
000285
000215
000429
000251
000570
000222
000199
000310
000094
000332
000421
000021
000394
000478
000173
000233
000544
000135
000414
000271
000022
000245
000207
000102
000591
000063
000475
000072
000383
000401
000306
000487
000264
000520
000540
000055
000534
000505
000435
000549
000175
000181
000017
000301
000015
000166
000533
000248
000096
000101
000107
000331
000367
000018
000470
000182
000242
000320
000471
000291
000388
000041
000402
000033
000157
000098
000462
000491
000109
000230
000501
000459
000189
000247
000151
000177
000131
000553
000030
000500
000413
000057
000116
000062
000371
000009
000446
000439
000029
000276
000024
000576
000356
000239
000564
000380
000337
000545
000279
000076
000555
000202
000228
000269
000568
000088
000381
000360
000008
000433
000536
000416
000382
000114
000551
000001
000168
000044
000496
000517
000557
000361
000203
000129
000581
000121
000600
000232
000002
000183
000455
000127
000081
000338
000080
000210
000515
000234
000595
000145
000097
000149
000406
000460
000447
000250
000461
000452
000246
000297
000480
000186
000510
000069
000308
000092
000140
000596
000206
